49418
24267
12332
22962
63421
67237
67535
70043
12107
00602
18722
29073
39681
35922
67010
67804
50583
64550
44375
49377
67126
57742
07129
59238
27414
03244
11704
67971
43570
24133
25412
32455
43512
26079
23706
29282
67482
68150
43900
13743
70150
07523
22699
60047
67284
13638
10525
22460
34866
52513
32700
68308
43934
32914
28450
00886
62984
19690
59608
32121
29902
36712
14209
67701
25827
23577
05474
10114
23414
11562
47243
17588
67524
18222
53266
63601
04622
67796
64092
14982
22515
26709
36999
21558
23587
33068
27555
32048
38128
68696
55559
18982
45093
30467
10390
08360
14570
12640
42766
05635
01509
01728
04205
34585
18984
25426
58449
45059
15581
70209
67699
58577
54931
57328
33645
07380
03328
16196
15726
29095
14679
15478
56099
57846
29796
12674
35892
46712
28682
51779
67602
12213
24613
68794
67897
12677
30387
44972
42990
29406
70147
63234
42556
67056
51203
67732
17007
57408
07627
21401
63071
09322
03117
56285
37945
30509
08467
31739
19847
13349
62257
42551
62834
55843
56368
26977
36904
18277
19694
32122
13207
06844
58007
59993
31595
21998
14381
16565
67116
67843
37128
26318
16332
21437
44540
46595
68158
07639
44952
47037
04484
55280
30059
07086
37792
07079
11688
49136
70177
59671
68946
54262
18160
58030
59599
44896
54261
30252
31488
61989
33979
10815
18950
56828
67205
67146
35464
21250
44834
25190
30917
62938
38183
30848
01877
61946
59120
47334
60351
26805
14012
32309
48172
33422
37988
17945
67532
68039
60223
51427
52558
32732
01925
49577
00840
52180
67766
30924
26859
11712
10395
39288
67305
54212
67074
53348
55736
45999
39994
39380
60767
54963
03199
08441
20144
68250
21085
53640
63626
64431
24744
26467
33397
70055
64294
34828
39631
70229
63602
32395
30270
64314
29872
47111
44394
57081
31459
18064
63801
57711
39353
35225
50340
02941
62111
06842
01651
39114
59138
21946
38266
58792
22513
53260
12411
19973
14571
67038
62569
67131
07876
68776
27915
23876
59154
42218
68034
01267
22698
11532
40766
54806
12299
25074
39465
67207
30678
36788
70366
19396
33809
60361
68328
67695
16896
34116
44908
67378
64455
34837
42666
67350
37512
10597
20203
53152
68688
18777
12648
35192
56552
32673
32819
04716
67480
33703
00378
67558
24972
38292
17879
18035
70319
23567
07803
06346
18334
15546
38319
28779
68046
29140
45777
70250
27093
48977
67795
27455
63379
06369
26010
43364
04510
13811
39424
15696
11065
35930
25425
61696
01806
07813
04191
28782
44328
68736
11415
54870
68130
55752
19206
15114
67385
65500
18107
03367
08953
58950
02914
31047
04354
42674
69066
46370
47456
39451
67705
47386
08923
67673
40844
01382
18202
12405
33463
67565
58070
54566
13271
04790
44401
67871
24056
14840
07236
31757
63277
23446
25376
07226
29652
33126
29848
52085
22554
41707
20442
44848
68750
22995
47559
19190
14629
18883
62684
26491
15143
21708
34582
23909
42546
61241
56568
19117
67546
12329
49604
03385
21955
44688
68988
45102
55737
04047
70325
67083
19502
22140
01426
70221
67717
17919
33343
28187
18190
47346
09730
63804
55970
14607
43542
36645
51958
31906
24062
07170
57281
56162
10690
55779
68050
55204
00636
67817
44959
55633
70049
67018
22458
64095
70328
59604
15218
20199
38286
63779
34685
50474
35463
17725
67571
10161
68054
38700
12324
58599
59387
44901
17731
61998
31153
57927
67442
39988
42474
42404
04067
38344
49180
11288
01879
18576
04196
47445
36719
01322
01604
68228
57050
23872
56374
43576
12396
55075
08181
02615
37322
04513
31980
70353
52666
08418
68668
67343
13214
48120
45688
42006
52588
63555
27047
02621
11812
49249
07081
21528
36732
00870
11879
05921
11323
13277
35533
57815
44963
25487
52081
03495
07422
45105
48170
70309
34010
26955
67896
40318
34741
10707
11934
67137
14649
39630
21548
10146
20708
17134
67921
40763
13823
68572
63605
67848
15021
52294
37321
67371
67533
43922
25024
61922
68450
62142
62760
03266
45066
22997
27747
32119
53256
03521
32104
42419
67452
32610
47571
58943
67505
52618
51920
37615
27156
42974
04300
67369
67778
51665
05658
45600
58505
12749
61564
70106
60450
35519
13708
22487
64438
31097
29389
12022
03281
47810
10810
39672
53917
67578
14266
24526
04861
26488
55656
30218
44957
60074
54666
05561
54367
57305
01216
63453
59742
16935
61741
27212
04295
67741
67509
17208
40015
68976
07789
32969
48520
42695
67157
51069
67312
02543
27639
41978
67263
68576
14276
41306
59317
17770
13547
70026
70095
55371
26167
67664
09811
01441
07941
67801
49810
51230
25048
27574
09531
68151
15192
70079
70129
62425
33807
57174
37937
44535
16402
70143
05092
67469
67808
44864
18247
19234
21816
13113
57173
67911
40019
24827
67900
25944
67914
36041
18297
67161
07460
29408
02612
42668
44181
29399
04442
16807
42842
40018
14472
06927
14889
10295
51828
01921
02714
18477
51429
68040
63451
45717
53624
49139
57085
48027
68400
68114
52183
04871
54559
45108
52053
09834
55322
45326
31101
32251
13315
12290
67879
13725
68498
63881
03129
21186
06836
19216
37990
55915
58443
64390
67311
38843
70103
07246
33221
65801
68099
48905
67006
17771
24590
48375
46339
55046
41171
46271
67849
67163
46505
32829
70186
50858
50552
15830
70324
62795
24652
17088
35681
58080
48507
25071
06342
31297
63423
37024
67826
19564
57749
38213
53277
09857
27539
19267
46287
28748
26065
54808
51813
64401
19196
36945
01263
56299
03637
22815
25513
62241
33462
67940
67025
12067
32426
13511
06338
24256
67984
63794
35559
47064
44099
19238
07939
31908
11474
09184
13272
22633
13227
33848
55983
33638
48342
12108
47275
43532
12825
26170
01468
06000
67029
04131
02829
67703
63890
57981
53042
14460
58277
33425
60162
68388
57089
68828
63727
00667
36637
45329
05660
10524
60759
57280
67772
67936
30601
35213
67494
63308
30600
63336
48805
67198
50042
67800
61737
68714
36042
55124
53489
54430
69040
31746
18376
38329
42003
45573
41704
08642
19710
69024
42378
52652
45905
52514
38397
16076
67389
07478
48982
00337
57609
64011
53904
19304
70195
38647
64062
63334
58257
02354
07233
53880
68344
63676
38972
50502
67932
42757
07705
04043
70168
69044
47673
51506
56774
67164
32457
19265
46496
34125
11530
56277
55101
28382
24729
55863
18431
32566
67172
27191
04056
08799
28673
57086
32822
18159
20029
36418
44736
17624
57048
67917
04428
69016
12699
58504
20621
48409
67230
12992
15317
70301
24920
05305
50950
61872
32869
13513
67740
37588
47364
59773
60043
70227
11381
56109
13318
44859
20439
68154
07095
35384
43370
67980
22634
68002
48278
59125
21709
15731
54352
21956
16070
04138
60911
26571
23651
63415
15730
12607
37857
67832
12420
50011
20693
53905
67591
68276
25693
30942
67876
62086
67728
04436
00588
67978
09464
59230
10160
17535
16392
48498
57757
53018
51956
68870
37991
05116
11376
44440
40406
13252
19413
14296
70127
21368
20771
67133
48910
67478
70110
41926
52792
50062
46059
68570
27415
14383
06967
13736
20338
55845
02150
05930
02590
50941
57954
37356
25521
64067
06077
26938
42228
67058
41031
57812
67645
19693
61147
67751
68734
67746
67922
53421
12229
22557
24686
11205
28134
01493
28149
09470
41515
37844
70306
31849
64423
15832
67757
67062
08410
38688
02624
25947
67853
50064
11412
44781
28059
68045
08739
70086
11315
67449
58782
33615
16568
14583
63826
59374
40243
67918
39004
24199
56077
63720
08848
46371
70349
64082
25575
42036
31304
45056
14369
70061
36832
70337
13850
21689
51695
50438
32576
09639
67958
16350
17331
46270
26502
02050
54419
45787
40128
09245
67875
48339
40845
07812
38593
61591
61060
12407
26486
68632
67780
62759
23012
37309
31558
11421
48214
39429
57616
67447
19752
70298
63675
17938
70052
62200
59554
29654
21272
03485
67033
01478
32543
10392
38185
31436
39374
07681
15609
01796
25047
57533
55327
50270
27358
42426
68084
63803
56797
08945
67577
49082
18793
46750
32423
04346
10407
49638
11314
09083
14179
06368
04161
12697
32307
39373
40995
20796
41602
50401
37791
43936
68966
06417
67979
22017
67477
02000
67557
00425
29722
57841
67861
38182
17432
63503
15999
07929
55298
64439
62583
22642
24551
21707
11150
68100
51228
38686
62447
67051
15877
34365
34955
63475
31588
52924
48912
37197
67487
36049
39002
05765
15932
25921
62617
63382
51305
06014
22131
58739
35367
46579
25873
21933
16442
22096
27664
67639
00295
36610
61439
54827
67576
10790
57607
70107
39031
17587
07752
53774
48892
31262
57279
09855
35353
03157
43813
39081
20765
51202
49333
08419
61875
13330
44960
01379
67818
10470
68756
27597
47650
06531
30986
56460
62292
47842
13637
45412
67308
67021
46260
64299
24826
43683
14106
53217
06437
06050
46275
33065
25328
45765
40658
33810
03492
62282
62522
67236
47984
03127
20026
07171
68790
18577
21415
47465
67816
57379
14758
20931
52654
67754
59152
07071
00383
18027
63855
15833
34546
33856
59102
70183
45163
67515
70219
23483
24373
31896
37830
44608
15331
46155
18141
68554
56275
18244
01469
17459
00665
13643
56253
67433
67676
27568
21394
54211
62573
49073
67249
33212
62249
36789
67583
01596
50622
56303
52619
34743
16540
08947
63750
32890
20013
37840
10473
68101
27175
55121
57540
62794
68067
21438
54460
44553
48304
27048
66266
47223
67081
10451
31584
32286
47058
03094
55734
38129
32123
42089
67959
14843
49601
50843
19187
18760
50407
10681
47791
68055
35465
49151
28418
67714
67117
67566
68716
42946
42963
68538
15473
18115
02013
28778
68588
56880
57732
67434
67152
26697
57642
30227
67630
49336
30478
17092
44720
09839
13472
62110
57572
67788
56347
18430
48343
21306
40246
06074
51400
07503
32730
50250
21875
55370
27081
60553
02275
24969
56483
58728
21699
55807
67627
42760
50050
14891
58432
56466
03320
68432
44034
30058
14133
20988
22012
28213
51737
70363
61813
70134
26688
67590
47609
01488
68998
60463
38091
20709
32096
23845
35531
67439
67970
16545
67171
44183
49733
55749
70220
09898
05554
05595
17435
61845
42992
30830
46332
01161
39582
13705
62973
56788
47306
02488
04621
08532
50010
56487
30389
07783
04016
58828
68178
61248
17898
06793
37100
20626
13270
26533
67427
37266
19929
43460
41077
53925
20160
01996
49254
04422
37066
26857
20970
15901
67154
19164
44080
21929
27601
08125
05806
63677
67617
24645
15594
30240
61977
53069
13459
04764
40725
65332
59605
49803
18177
07072
50903
54767
34739
12944
54069
68336
29171
06217
48030
14257
26203
17952
58659
61562
47485
60914
31846
28313
28386
62649
63687
67017
38589
50051
53201
05724
67101
50726
14130
52559
52945
57083
14315
36912
43449
52137
53232
03159
18536
30311
27537
59004
57264
17981
68774
29141
42655
47110
02716
67682
16874
37935
28002
58364
08845
34379
27599
37135
01106
43526
67465
31302
59726
42476
62187
01215
30837
39876
70058
45576
44835
13809
30475
18261
68924
04683
68972
30842
11475
25327
56976
28206
44685
47236
26961
18882
58952
59549
62455
01997
67410
09211
29871
68382
68898
67298
43225
62986
37849
41054
24441
67106
68068
26222
50316
35549
46929
44199
52347
61744
45972
08946
43335
26321
62956
53453
06838
35569
21218
01423
16705
19932
64297
27849
55552
35461
38206
42708
07200
36120
18218
50528
11565
10270
34272
42216
12004
43346
32962
57877
01482
44533
31765
41930
62706
67881
08126
09738
62304
18111
22919
29134
62285
39402
54560
18939
07369
28146
67655
36856
04105
08534
34558
05667
53432
04466
70254
60973
28823
68822
67554
20200
70020
27101
16597
19331
05608
33540
33406
22249
42082
53303
33315
07629
09899
49088
00893
27576
35466
60061
45784
32519
62371
32609
18774
31321
58015
17718
09202
67277
21837
54881
36659
48559
14967
70297
57658
37395
07082
62194
16961
70158
23432
37431
14211
67139
27381
22097
47655
23034
23989
64417
39746
16388
21008
50371
68884
67415
32279
28471
18646
37913
18309
30261
35311
39628
56046
25278
57767
38239
62278
48750
53234
36039
44004
14748
70376
56165
06924
19712
38342
23472
68468
14621
44056
01562
40993
32328
23546
24346
36677
53739
67527
38061
10514
31656
68167
28443
26500
63275
55982
03107
45103
58740
04722
57131
15956
04046
67563
27983
41560
55325
52766
29865
56074
27053
19846
17825
04395
67278
39381
05068
48305
10640
21416
05603
48407
37965
32162
51112
39351
16638
04303
61187
68181
16988
06602
67690
67353
35678
45691
11014
32189
05165
12230
48909
54819
63426
57980
53046
22683
13159
11717
20073
36944
16590
68284
08952
21571
67065
67653
01124
45829
09079
09160
37067
53346
67797
31855
35267
42587
22959
28123
28734
05876
09222
59056
53543
45847
67649
58837
15874
70271
54586
25182
63834
41320
04370
22747
32211
18489
68792
63688
05016
25034
35610
67170
52176
41354
67072
15532
13462
17152
47348
63376
57084
18857
07276
70151
22125
68352
35764
52768
08375
67409
32956
64006
42827
27927
16211
04597
13660
52719
06024
36609
68142
68810
28816
02959
53029
44372
17831
67632
33281
51314
59134
59989
09897
25333
35345
67671
57665
47185
46167
54534
26261
16699
19658
16357
58326
31567
14431
20398
70326
00424
44150
19310
67104
06974
40316
63919
49884
45654
59213
24383
05621
10603
09212
04830
40174
17150
27554
17661
40114
18295
67502
51707
62749
27598
67013
18259
62507
21400
14455
58773
41170
21490
62928
14900
69008
63406
67902
07957
67543
34963
63212
47792
67327
48518
50619
24060
58615
63109
68508
67196
31754
11322
10344
34352
68886
62301
10965
39512
04360
70277
57289
18203
12967
70173
61919
03239
62822
70284
53183
67259
31764
68010
07436
39685
68550
48403
26294
16510
51515
03363
68171
58680
61447
34016
19618
52376
09462
70345
35991
57482
63888
08172
43087
56785
11142
37147
17422
41970
55372
27762
16219
67213
10009
32100
67368
67907
05201
39003
11265
68056
39377
31904
70181
37589
67761
38982
62308
20371
70362
68214
51985
13706
05197
18785
70085
01603
41451
08436
20028
30927
42610
22999
28148
04445
39855
31658
50861
48689
16155
54599
48537
34118
53219
44846
04288
22453
06433
68562
62576
44556
35457
43695
63279
21374
50455
60378
50533
02705
18198
14055
22196
33122
35462
30300
31692
26770
54204
67560
68234
45440
21372
05736
57636
01628
35197
07201
19168
67584
19392
14601
18854
31832
68157
67929
03380
18331
07289
28043
19093
15563
69060
52351
33478
64313
52372
67666
45482
49901
28432
44528
37320
49808
43577
49357
22498
35891
01873
70021
70335
23809
05766
65115
06326
39954
67273
54380
22278
34396
16006
16432
02180
29961
21404
17729
00841
54788
08888
54789
14628
68077
27180
33279
38828
63315
07419
58660
26468
70331
19228
17714
11951
67365
22356
53830
54454
34336
17093
68720
54548
17953
52565
67426
05366
63769
41825
14800
52717
48515
21052
11442
45935
36716
70379
07172
51516
67005
60060
08113
04902
27877
15373
61885
67569
67987
70062
05607
47849
11423
05363
08922
30820
58978
36268
61149
36634
67115
67066
68586
49462
59832
37827
63189
20965
42219
68662
12295
65717
34549
17635
58886
32310
30237
70350
44605
35221
36941
23245
67758
50138
63110
16385
12974
27828
30524
16236
24257
23626
28290
04536
68008
15608
58302
58138
03106
55674
47361
67300
25189
43905
19417
07423
39039
68666
34134
15777
06318
70015
65960
27600
17393
67032
60051
07457
03641
61594
63762
14983
57034
67266
08363
35900
51201
06929
50852
27933
46741
63613
24169
62384
53923
15300
32540
61067
31456
36927
46736
30326
25719
10900
04172
12976
67974
58390
24032
15840
13206
32480
40122
34836
44096
53413
15197
26844
09504
29334
62256
03104
11950
35993
10519
61141
68070
28581
67867
62422
68179
22916
60887
67798
03365
02355
58000
07302
67383
47808
00422
20108
29567
23865
54611
20989
43944
51888
13164
70286
26804
67977
16001
08489
34686
50621
61139
68722
47674
27410
70258
57269
42514
07701
56288
10903
30527
49005
67768
43347
70144
56468
35768
68094
67247
67325
68105
08490
24857
68422
06934
49776
68528
31103
25691
58624
04973
67303
02827
68604
70217
15634
49381
67132
31184
05711
63655
30717
19812
46594
39074
68292
53419
10650
25041
50035
44207
37669
54006
01990
18145
57680
05101
27774
48256
67354
38304
15209
68530
67868
18755
12194
47004
67313
32567
63209
60464
59348
44828
56845
37587
53402
18223
25981
47006
58028
19508
67920
70122
14605
11776
37317
19189
03053
47663
07037
20860
13027
67567
70142
63125
37064
45272
32885
09578
52292
17989
23672
36413
43119
26535
04895
21012
58622
50127
25370
26855
34093
54607
50853
09089
44582
50457
67071
29628
17913
28678
03128
04374
32573
08892
40827
10388
42238
61888
67052
06841
11907
21088
12322
68126
22719
21022
18521
38732
01016
44319
36657
67514
45739
05914
67836
29461
48911
41771
25337
67643
69006
03518
68470
06039
58134
70164
04379
64298
25925
21953
67049
61999
24642
13821
55424
12393
54208
32893
03520
19565
48249
70228
22136
17605
41668
42570
67783
53549
14740
56765
70096
44137
38538
32556
12870
59388
20340
70098
67568
51959
57818
27021
07447
29631
40241
51820
58187
55840
12972
42091
51936
50818
04110
01805
25869
39333
67257
19266
24058
05805
08638
33858
63112
58790
70310
65862
44816
27211
67457
36144
56877
10776
34399
27181
42835
55993
47341
13146
67424
28557
12975
64303
46294
26592
67393
23855
04225
52314
22907
24444
62172
29331
54078
16356
30158
26936
38288
16581
41810
38298
42398
16594
70162
10299
12387
17763
06485
38081
02089
28396
14101
68185
55193
43066
35302
14754
53611
19768
63330
17563
58396
31259
51077
47458
37343
19854
50890
45442
67821
68266
04866
68992
33650
07467
14471
06361
21860
68372
11204
04323
12679
42255
48300
50860
31495
37472
24328
50831
41697
52944
32327
05475
68960
08451
23029
44102
67279
43676
06737
00693
70253
53245
28419
60345
54383
70099
59841
31599
07396
08675
20310
37348
63474
16165
22500
36838
25170
36122
02107
25503
37832
13048
55980
70327
16957
57444
27271
07865
53705
01601
39386
11692
44144
51406
36803
67444
10410
39993
67363
01465
01580
14632
22555
67223
05651
58812
44010
59835
68049
57542
33340
67561
67450
55307
42705
63877
29410
37372
61192
67318
57344
14185
70222
60947
46432
20664
01989
68704
50021
14450
68184
16447
01372
57727
15165
68868
62346
41318
70124
62254
17358
38631
41324
44548
44267
29405
15480
68364
68063
23584
51280
57792
70212
02700
18224
18278
53027
39445
53228
19302
43372
48541
43448
61825
51304
43937
45368
01269
15604
18117
11443
09506
06123
45835
28266
48717
43148
67594
47180
50961
68856
70075
38689
67814
13463
14829
62426
62832
50441
67873
57047
32051
70261
67912
15036
09638
69088
33048
25694
06484
47898
12335
00838
50725
14473
58367
54188
58578
27447
59057
24601
11998
24610
52873
32957
67456
53202
46774
18859
59772
52202
36785
24655
08789
47638
08169
67281
01837
15161
31053
08112
53490
55197
03245
46932
16353
67842
18200
62166
22242
68012
28000
24134
31147
45517
14311
06048
37610
67672
02866
42707
06068
58488
33409
04589
37339
63313
42512
38008
47664
34869
19913
58384
28777
05659
56087
41643
09183
10194
51028
15427
48297
61811
33855
55914
55642
61364
42242
15407
23843
68912
18769
70266
16435
19113
67077
39989
43259
62836
61445
52323
67440
36718
40120
48562
57733
68778
28742
10435
70030
04363
57776
62716
67370
09632
45858
05302
11259
62280
30458
38241
08928
55774
58597
56879
25715
67039
67203
70153
68242
51689
50322
28826
70117
15729
09940
68186
07788
15585
67621
50334
37013
23201
27594
37843
70109
19739
54665
43375
16313
37371
55192
50323
18719
30457
53181
11328
61817
61130
70196
00829
09861
38642
40175
67521
39096
67086
63854
44497
09219
28142
64444
58942
38978
49605
60764
12219
41059
51179
51823
61698
05282
04014
53156
57611
33041
41484
69000
41829
04349
10305
44089
20748
38540
55667
50449
62112
38046
18574
40100
32252
09317
50057
56053
39604
67572
50418
18108
67638
15429
67328
09867
56577
62784
27194
39959
70323
67839
18418
43527
27998
14436
06195
24878
10610
60072
52655
67047
37048
40401
12119
62971
57569
41033
31880
29635
30841
62173
67523
14394
68900
02146
13861
57046
06952
55542
10606
14484
59318
03760
57950
31349
57787
57370
23708
40055
43213
68017
40990
67330
42317
12610
29659
53215
32664
10465
38585
21076
24883
62198
68033
29899
24995
62002
67014
25963
57823
24013
02143
08491
52109
43685
29869
67057
44866
32287
41264
48111
60969
49782
59912
41266
38592
54991
48738
05963
13319
08939
68920
51821
67448
52937
67506
50141
54001
09805
20434
06051
04627
37319
59385
06483
14553
47363
15778
44677
67787
02227
24965
62105
39336
31782
20202
68680
45447
05494
27673
68212
55865
10260
26466
13750
67103
49148
49253
37276
57769
33396
53856
67784
14187
67815
03366
13622
03427
07091
25075
44543
42515
29725
56770
39343
67550
67185
17732
36685
14317
09530
70113
17719
57043
53430
46735
60555
70329
10593
68766
67709
26084
70148
62913
32166
23906
01392
39197
67872
39202
63501
17717
04005
18226
57242
68066
08901
51479
53258
54255
51549
60500
14161
62296
46316
32866
54360
08118
68614
56870
57705
59911
49185
67553
67136
38176
12655
24273
19227
51137
37863
22119
68226
67866
51338
68146
67241
41579
38625
30473
70038
67684
69004
63369
16008
56566
33610
27795
70354
18731
18253
67050
21285
24501
70299
67291
41035
24867
18725
04133
67536
67877
14392
36806
04804
37201
55626
48749
54253
01513
20666
01494
67658
33481
15092
37983
67388
54958
21410
68652
67646
27254
01325
60222
48544
67280
49674
09094
68608
57443
67129
67342
46310
43260
45176
20259
68159
38184
44213
51550
48122
31759
43146
24894
20508
45106
48275
02871
70218
09784
26140
19708
57352
51938
00412
03004
31853
24580
63447
67435
67405
67036
70039
52564
10012
70305
09463
67217
35550
54304
26323
57049
67863
23945
49481
25646
64047
53251
13471
44048
32164
09858
67102
40123
20991
67865
56546
48112
54564
38654
17584
51138
41828
11533
67242
18183
14474
67647
67472
22516
22486
41093
08779
59131
34704
16505
47449
64312
09968
44279
59236
13862
09724
03483
52114
51893
15292
56849
29380
47025
59550
54091
53035
06298
06362
36123
51795
21823
17730
12337
53159
36658
08094
47602
54179
12400
29981
38542
42663
09860
57260
28114
43574
48164
22697
20402
67386
57761
68286
67496
27218
49650
51182
21825
63187
04587
32419
67400
43386
33405
56393
12806
58914
10685
24138
05643
53828
51925
37890
68764
15556
10588
52050
51139
50065
53693
52177
05747
21889
38132
34086
48613
13857
63233
10975
53848
18529
14775
43883
28811
67060
23011
39338
01998
48276
67346
58933
21403
19972
48078
24718
68452
52653
37575
67776
49138
48049
62307
33378
10092
64289
01475
50854
42405
09570
62914
62504
31219
30881
56430
39844
58273
11305
28166
68052
34391
58912
18181
67076
57536
28470
21441
33280
08415
24165
62728
49323
18157
44522
47079
70160
42558
61137
67008
64290
67642
64296
33271
36403
45268
38765
70211
14802
39094
68104
57824
04694
68910
24021
08361
68544
53743
11255
45252
51054
04351
18758
22537
68952
11153
14160
46959
67134
48817
44296
67130
04512
54565
21569
45766
67895
39508
68914
61804
17122
13335
57312
12988
44348
67204
46177
40727
68320
31072
44226
39037
26576
00897
08821
49431
70251
38862
67615
52718
67503
00902
18551
12323
08487
04117
03150
69092
17360
64269
42543
39634
30752
43678
58359
31571
46425
13112
50397
24658
27189
70163
03311
11292
47452
67394
67158
52605
47845
70215
26301
67903
44525
46318
58074
68606
67339
32951
19225
70321
41937
70333
49735
19916
29984
67679
06526
21834
67697
12419
40407
07087
35573
04534
25688
51892
38323
17357
39371
67208
64440
56072
25717
06355
55035
58184
56302
14631
55775
70041
07863
67200
44145
67633
70071
56310
26506
18034
47007
13248
59771
39448
07968
63758
67190
33811
10193
39038
20384
55748
10896
42473
19851
22956
20772
16434
18556
68073
52570
14582
23588
02623
10773
39001
34962
32289
08377
09224
68206
32552
61250
05800
24599
09728
17151
17024
06561
67145
67707
04341
45859
61871
16928
05880
44428
54441
67319
40804
36861
67481
67833
25252
20990
69058
64449
38103
69034
13047
09431
06072
68494
02482
67267
00374
52125
68626
51547
67715
40662
67286
01242
67966
20635
43037
56252
16949
52607
06438
49627
68236
39992
67745
09727
67293
50536
06843
07747
27171
24028
67499
26005
07232
67888
49545
36934
63372
58666
48264
61219
35296
22126
70137
32473
53368
56827
37964
58900
52664
56358
40629
67518
22840
40010
17363
68020
63561
68038
02158
21028
62647
50719
33450
42596
51337
24970
11329
07579
01228
41455
64010
40994
16987
55754
49785
22269
67221
57945
60306
49541
51336
68872
12618
42237
68133
60359
10577
36739
68016
43064
22998
23772
67759
06196
13645
43556
67097
32598
14395
01470
16130
63591
49382
22363
39200
20971
35962
14965
06822
13535
65805
70053
36238
68047
68362
19763
69086
43673
52219
32806
06366
68001
44446
48744
13802
42409
24554
55666
67992
12068
29618
10714
67519
26702
22088
68610
45271
07611
68660
45973
20011
04603
19744
04467
09579
20743
57210
41692
54094
19325
44340
10014
06840
09741
23575
13461
67345
70045
51272
67854
34515
48207
09961
53569
02575
67718
15939
07501
05966
14732
62487
41779
45744
51312
22966
05850
68858
45570
20261
10249
37963
67556
70068
29332
41895
35301
43831
67893
57491
68658
44527
14265
15779
06562
56037
44810
67716
30163
11977
70231
51830
63947
05497
13624
67545
14318
41819
68670
70112
42993
02556
30302
45065
28793
57445
15705
52550
31975
70355
62293
06341
44129
44472
36942
32902
17829
54369
67924
17382
54442
10469
63409
12058
19966
24659
37091
57037
17018
00972
68812
67725
61190
41514
68378
52088
06534
67763
44280
70344
36461
67946
44565
06481
67823
23450
41665
63823
67275
49348
10335
58588
35936
34133
39594
48735
26223
39554
13166
51772
52075
56573
09154
21375
67356
50248
02972
53239
09635
23278
68079
55287
57743
18860
40580
67003
22118
68592
24643
26954
62295
67335
18282
19398
26776
47552
15906
67827
19703
11197
17213
35934
37938
67736
19195
67941
49332
34094
42469
12099
19334
44297
04391
12757
10971
24731
67850
06643
40701
41169
28040
28384
68346
17993
14899
32281
36348
09246
45467
64548
30973
33124
10156
35898
26982
56652
16202
02479
68876
67250
70223
17076
26536
02102
25187
27638
62370
55639
21091
26842
56075
55858
34389
67750
26985
07083
01959
17455
07306
43687
09863
10345
04329
02520
67724
67373
38866
55293
37149
67919
43059
62735
44714
05756
67069
02524
57669
24386
16128
04874
07967
57382
40842
44339
11201
29275
03280
47241
31837
04075
55730
34691
26074
38240
55870
13883
01075
53124
44632
09941
67704
28168
03317
24524
70338
08473
53221
33045
30515
38068
63698
57381
55069
44425
53254
07379
39749
67466
05279
02618
23415
57760
09729
68816
12075
34136
62232
45366
42841
67122
20842
68532
61972
29845
63662
27769
31885
11775
68796
28042
67691
29724
50412
44792
11714
60056
55312
36787
39648
05737
00429
67399
63213
67173
67188
70198
67933
28653
17461
51072
07432
26831
49434
28122
33482
63062
68490
01999
61223
09859
70172
67144
08173
41486
30680
14104
54535
37051
33046
68726
69096
50193
70069
57268
05117
67696
30674
07883
37045
43995
54831
56177
35806
34015
43519
45486
62147
56850
35188
68746
58794
67781
02097
67721
15605
61913
70291
33394
31351
55676
51514
43348
34215
31238
55332
15848
01211
70200
03206
14050
14759
39651
05236
10196
28001
53435
07971
08822
45328
38721
44476
70155
00857
47108
07446
05307
54305
20007
02564
27085
53487
54809
27931
60049
44377
49543
63090
23633
09891
52287
27800
20747
43701
56794
58574
15144
26832
22931
63670
29795
09517
33677
43947
18572
04305
05477
15017
08002
10004
60525
27380
36748
10713
32756
67174
08454
50834
33282
39846
54462
38541
31874
61367
57873
03429
67360
68368
69042
59075
19301
13681
57416
01803
52707
67493
67222
45748
24828
34548
64456
07717
15175
17561
09782
37429
68478
68025
47092
10628
54668
67806
67923
63240
28383
58297
35524
39005
53222
35522
36054
44589
47723
68053
41456
16810
36919
56345
43065
05859
54838
21440
34508
14295
14772
42601
58629
39856
54210
68004
57646
19230
59036
49375
68268
60850
67408
48814
56391
04103
67138
35312
30165
67793
60953
32336
07704
37992
50578
68152
16072
40843
08669
58711
01149
36401
17329
70226
70308
37023
45849
42838
41098
70264
09494
45178
56110
25649
70346
24137
30715
59540
47103
70033
62032
13040
19237
42213
13353
70374
68990
22138
67107
15636
36398
12615
48965
54351
05764
09491
53824
68540
34834
43593
60859
50036
51349
57664
51494
67562
36420
68294
27825
57747
52865
60855
09731
00903
48612
51693
44205
55153
51316
35196
36339
02147
67114
52102
14956
54174
59137
50427
58131
27672
24517
39446
69078
53040
18876
35161
45856
64041
21210
55156
34744
45684
36608
09472
67711
23777
09522
31734
32213
57881
26312
56578
35953
20382
27318
62329
67729
67323
25355
67747
67464
44475
36684
21220
47478
43552
28120
20394
48117
05281
14365
35514
10608
67395
64543
67507
08446
09925
02955
67384
33277
24201
51351
19679
55305
22491
23986
28295
18887
23273
12162
01395
26858
57488
09773
54826
13110
67928
40582
50918
68093
48980
54761
32882
67588
58893
13169
49939
55813
37487
49671
42043
26906
05699
67355
45472
24023
63820
28316
44899
40124
04328
16637
63333
50272
35297
05748
67423
55306
20025
02002
21031
64310
28157
08586
36055
43110
20232
12857
23573
08433
12694
70024
51747
67055
31586
54432
67112
50809
05111
51350
67143
28647
67605
01069
47186
20368
67093
25352
67614
67475
00598
04195
57666
50816
11564
17303
13663
31098
03343
20397
09962
67586
29464
56283
62202
59234
57308
30241
67377
68840
15780
17728
63185
49244
02607
51926
45930
55342
49649
59505
23426
02652
16123
67551
41831
70296
70375
26704
26777
27536
40989
49636
67176
52084
32456
49935
08948
67580
67549
39873
09156
24657
16973
15153
50048
20320
59958
56116
44399
02098
23959
32210
12121
20840
59375
22408
04535
49937
31461
10088
06028
58135
58619
35207
43221
15576
46773
09327
45974
24376
00581
10471
31092
20076
44499
45721
52236
11006
50263
46862
61587
48052
67952
58501
48603
58738
15807
07078
28208
48690
47439
10816
47135
33985
14960
37277
32392
01429
70178
31323
25037
27249
33485
23631
57811
11107
30321
57900
37396
45788
67320
67485
14456
57309
11112
68172
20159
55665
11900
32397
51071
48895
30177
04773
67743
26721
67908
63782
26958
59258
47802
63116
22613
13810
49435
14901
47729
67387
27312
07771
39290
62695
07755
22845
11146
34109
27183
42659
57065
01411
26584
31779
31850
67238
33656
67938
41658
11827
21284
51530
16595
26577
68520
56369
13139
10902
09537
21104
67357
61511
24656
67411
26501
35547
12592
51799
44609
34275
67290
18497
53276
70187
55145
23469
24031
68772
57753
04293
39842
08608
11321
44119
18182
21562
05284
43224
33451
70050
60554
50953
25939
07756
23002
67197
23779
23900
43175
15637
03423
29387
08782
47860
17317
55347
55753
10162
60307
24061
28113
38017
12102
31783
42972
68476
67744
32615
26258
34009
70171
63370
20984
06176
68798
55810
43876
35521
64222
68166
38314
49184
40049
26964
31185
53263
63477
60338
14644
17994
15846
53190
01396
31222
68984
50509
15421
62944
16934
08306
49153
48222
23541
70152
37583
63611
44022
16803
40233
31345
40832
33054
16898
47651
70270
00662
44376
67037
58825
63593
68072
33318
67501
08421
64223
45095
31654
25410
45527
51134
05093
27636
67224
11636
68488
50442
10899
15812
32675
68582
18424
09847
67468
03387
54263
62711
27378
05496
08698
18270
15115
30513
17751
32298
70263
70244
67348
40839
21486
70373
49689
60384
19308
67927
67628
42676
49080
57786
35532
43881
31690
48748
49904
68830
37795
44239
14384
63045
12117
18067
51692
36682
68342
17025
45598
41906
27485
33982
58676
67219
43806
21184
56428
50145
70361
42090
67023
30870
11771
16449
64295
56389
70341
58729
26978
53418
67604
67982
28318
64066
44902
55320
26986
30464
68139
02176
57602
21302
67429
57793
25018
26838
11059
67351
10613
68934
44842
49133
06144
36044
59408
34014
45269
46964
12197
20930
18063
52220
48816
21217
01467
68042
18293
06073
67043
42250
07477
67831
03494
70259
62152
01437
42316
05296
30922
15118
42196
50413
68512
02581
15555
08897
24445
63574
08926
33883
04628
43911
08776
56576
67824
63089
62637
33657
30287
32565
48257
12297
48302
68191
70239
04165
07529
22776
52942
23550
45970
44140
60382
11839
14372
39880
21079
54929
67683
42431
25016
07080
63049
36939
30390
08133
23799
53853
10624
60550
25980
70169
58749
25053
45852
68129
51732
56340
54670
20258
22629
31494
48076
31983
15698
30461
58735
17332
46326
11030
31854
67504
67890
26250
34372
63976
20670
12026
40656
11151
67474
37916
13548
11497
65877
47613
55356
25332
67392
69076
45167
59969
58286
23326
67436
09895
09575
11779
51332
32971
46435
14669
21277
38531
24270
55778
34380
49661
67626
45514
32558
39365
40527
44018
70166
28875
04595
68824
54829
02232
22129
12077
22722
20228
70120
11063
70202
30164
07403
43880
11552
03587
15042
15452
54842
50554
28248
07241
48818
10134
41561
69056
58506
67930
57614
67634
19218
53374
45485
16071
45720
25481
63075
68138
28391
62592
50247
50416
68860
49639
01578
50049
44592
63728
24585
69064
36740
56316
34698
18039
19170
11312
16410
18227
67964
31883
05309
14263
59607
27432
57140
55317
44427
34838
32290
23810
68628
09914
46273
16214
28412
57675
13141
23910
29966
19103
62363
20374
57781
56090
13165
22847
68356
14655
24745
07085
68338
22749
25943
68740
07088
32826
32513
67358
46997
67111
17333
18534
48524
29660
47498
28452
37405
14156
06316
57288
19198
51725
67636
34822
37891
64260
25975
52178
61031
70304
67473
57731
34113
26498
15691
68566
02236
63420
50333
36036
54996
28163
12227
55346
67961
67623
37960
07608
44302
07814
11066
28428
70118
47336
22127
51352
04039
01062
55677
66028
24374
31762
56564
68782
63286
14682
44569
40530
70370
03566
22552
70064
60720
04833
39461
26736
34115
26066
20798
08516
19460
01393
08353
02702
56311
67541
09149
46739
23778
34392
62345
70063
18970
42976
59028
08478
37199
44969
52923
37586
61830
52608
05193
67769
13222
19255
55861
47986
19562
67667
67216
35123
53909
49427
05495
43808
58747
27158
01555
28461
67892
34213
48377
49657
57978
61366
38180
23205
31841
68208
70206
07434
67067
10706
39633
44954
54259
62954
63363
41832
16448
50510
07444
12078
30477
56286
56829
54177
68035
67151
43811
48896
31447
01078
48687
62820
24921
70035
67123
35506
67272
31055
67441
09783
53298
09809
18643
35949
13552
05618
67012
59734
67292
57209
67813
52659
40808
55201
01457
50939
63291
63621
62523
50419
35603
51070
25830
67180
67007
67463
26757
67755
48254
12071
67510
28433
41583
02237
07942
19463
19620
67228
02491
44536
53461
07969
38645
11778
59767
30945
67169
27489
22479
67361
51407
29925
68636
54915
44689
20601
68518
09536
67777
43531
54168
07098
63219
59298
68832
16329
60966
25166
42145
04862
51875
59366
09263
31835
35886
32453
57809
61239
10452
42254
35342
55203
68145
38865
14172
67381
21246
52145
41057
67727
49643
45764
57821
58663
38302
28306
37151
08342
11326
52866
09714
25690
06653
28589
62729
67329
11324
07402
32698
33344
22964
63088
37887
18090
49408
49179
67706
59081
10901
24891
56191
63692
55155
11822
67990
15712
27848
04174
09841
24045
57663
15324
28165
68013
67607
31884
17726
50844
59722
64012
51229
59845
58625
45169
54885
57446
44489
40576
67192
06121
02717
49363
13658
11202
31318
28453
50546
67603
44084
41510
53246
37302
64000
67779
67856
13331
07461
70154
64384
41167
45270
58708
68496
32614
24832
68127
01067
57098
57805
05071
53647
70188
58395
45470
44232
53450
30288
55319
04629
42433
12333
16197
42983
33427
24971
13181
20327
67860
44444
38996
67412
33169
68161
14801
61985
57207
68230
61965
06953
59070
62744
52995
67669
05813
26953
12336
15164
40344
09314
09129
16389
51882
68770
10683
67366
58251
67606
45484
28265
20161
07229
41604
49337
31851
68616
70121
47837
51294
46576
59504
43688
37130
62283
19653
66549
09739
18060
10312
50706
47303
54194
37475
07476
59259
18328
21561
47443
67564
08439
63111
20841
25424
06378
67622
31444
11947
64093
41815
04367
67659
67078
68410
25054
43803
43578
50962
12395
38235
62093
39745
70065
12120
01397
23576
70066
52834
22609
44911
15102
57979
29467
25640
22501
68177
27210
13662
09853
63358
70249
05986
41069
70245
41323
15562
12017
30525
62781
31560
68564
56118
45657
37476
32335
08695
68466
70315
18792
44187
11041
67981
63784
06656
54141
48571
23637
56422
32288
03130
52074
28885
45913
10448
13258
70348
58945
06071
02876
26260
02968
14738
24170
31852
58369
02523
23579
70273
60461
46494
67916
24047
35796
40797
62835
67080
13477
47220
36233
19769
24018
22414
60913
13226
62428
09862
67968
70182
03071
21885
44134
04720
45414
67901
63961
51939
67950
53551
54299
10974
10195
68032
17164
68654
02853
26934
67835
08750
23336
06790
21202
37464
62584
63671
63500
30982
37049
67068
03752
41980
03276
67898
51094
11039
36265
04158
32865
26001
67245
68438
20385
45266
36052
67322
51204
36991
52801
16408
59553
68762
39359
29639
41034
18031
53567
54011
04602
45179
49662
17604
20341
21886
28262
67937
15816
20443
02916
22361
70201
01645
53427
52182
48519
16167
11087
28124
33390
36344
56851
36250
47483
42752
67105
05270
51132
00638
52864
14841
51657
02588
47033
68948
40463
02570
67539
06367
44422
15178
61063
50192
12321
10314
52431
25923
08591
28089
33284
00630
48497
22193
21842
28879
23447
31641
60729
48053
32393
64267
61991
10140
26534
21926
60226
04220
70242
49003
67215
06312
19767
57808
54765
17602
67965
28375
03126
34394
16084
39650
32258
49344
67719
13225
02562
56695
29094
48998
15097
37313
67234
49317
56270
08984
27771
62001
57203
12007
57062
67859
70192
59006
08007
40308
41776
18948
70149
22509
42964
61065
25674
28050
07284
52690
45927
36938
51163
58771
27185
06139
57944
47082
12993
64436
61849
59038
06837
26984
56977
30588
45672
18301
11325
19044
44627
05795
52683
34393
00873
45595
33004
46302
67838
16879
53017
56315
67159
57643
39852
11946
49660
20317
68974
59827
05713
14677
55662
68189
26008
70257
48543
19817
67773
59225
21310
15902
48898
68102
49361
68612
53290
23053
08109
15825
43063
68842
57273
29620
59740
68594
65225
23333
38703
17096
67702
56000
56088
09969
55429
12011
21333
59218
49186
56703
34833
67631
67534
68524
67852
67734
48031
37930
32092
48933
03797
70133
41163
43533
61066
67407
52613
67799
02850
15182
14374
04583
52440
57834
68928
01614
46610
13856
48718
02096
39513
22018
05283
27917
07809
21555
38322
47031
55844
26172
16273
16980
67089
54178
68420
21359
33644
40094
51339
67413
68560
11826
14579
30051
10139
67304
07258
26256
38976
68125
50586
33769
05301
70295
26843
67167
38736
62750
28167
67731
43534
09492
23486
60311
25820
67471
16543
35994
67019
68918
11257
21492
56002
17518
18799
46794
17716
67372
04154
60972
07531
67004
50465
52922
40762
11256
32692
09215
47454
67265
57837
28657
44491
57976
05174
68996
68412
51026
70213
11932
23643
32758
63597
50535
05746
70307
68330
08620
67299
31446
35117
03625
32275
59044
27944
57653
67382
21361
58809
24588
67531
67635
10411
18901
56800
67379
20736
35571
44795
38864
22128
23641
67495
68326
67547
31657
58968
39450
67455
67489
13701
08091
05099
02011
06162
60050
50722
22484
44571
68131
59760
15560
55669
33541
06482
03426
03804
27440
68404
01251
14205
08471
27444
02997
67390
28074
68556
03123
06070
38268
53433
58737
68624
56696
67828
57755
62360
67579
47304
70356
25851
64268
62901
53023
29070
55190
41607
43597
48123
64387
26572
33303
05115
62751
50956
67262
01912
63658
67767
34871
11630
37000
53669
52165
24030
25270
38402
59250
17383
40053
68160
68192
12065
13133
06926
09710
30718
67118
67910
67009
56835
45825
69028
48075
31723
67035
63476
26088
68190
20458
17165
30843
21526
32477
18062
38088
44832
50339
54926
29072
63102
49321
22775
28472
50320
13542
19262
59766
59850
07395
35769
36746
21884
55344
11010
56025
08648
14207
70114
36686
15404
25338
67256
57396
47009
42081
30180
70343
32613
31251
16529
16634
35118
68183
68374
05564
63123
40568
59254
27552
09785
48492
57673
70246
14435
00635
67488
55862
10582
30267
64265
33517
44498
67048
46181
01514
57831
70359
67445
55345
28747
43699
67404
56092
67597
17533
08751
44562
58507
29650
43828
16437
56201
15190
37912
38281
68964
67884
53645
39503
12986
18074
49647
40471
52432
09217
01248
33402
09487
67570
25172
70176
60356
68622
63852
70300
49486
13707
49331
11363
13317
62479
07073
27490
30567
01020
64415
35515
20800
63805
27491
16103
51273
27220
07096
68028
62306
68069
41168
18093
03072
39354
21954
40768
52168
08537
68864
46434
53451
03007
70056
37486
55183
02173
23991
43579
13311
07291
28285
19556
57519
67282
33220
28880
55052
42657
56179
25433
68090
16708
70240
11996
64217
70022
42577
08909
18531
67326
67420
32454
03801
19118
36920
02869
68005
36455
01121
23773
18877
62515
34212
45518
15550
57097
56080
36246
70207
68674
38630
06657
18033
68408
07425
01224
50107
01394
18094
34270
08829
10108
41081
21248
05959
18640
68007
18421
70267
40641
07273
41667
35365
40767
11210
62929
33057
59552
48568
21876
15295
18137
04396
67650
68117
26797
08828
17764
12331
41948
51293
10273
19171
62911
04630
39339
22279
68706
36940
41067
45965
17888
08630
56781
55001
17434
56480
05918
09535
43702
48981
27835
67956
02051
05761
13314
52045
44171
67904
62348
25635
26169
67537
57894
02164
56050
50194
35343
55205
57310
25030
58811
41477
57414
11752
07972
07077
11356
23877
63211
07401
31234
03767
67142
50511
38343
59847
36487
67202
62714
55643
21425
11317
07089
51733
70031
47665
31056
67663
00966
17916
45421
67285
04800
42669
45053
04825
36837
13309
33765
67752
10099
41363
50126
44021
51302
59203
54804
47735
06164
59961
38131
15039
67274
63638
31766
23838
67825
55296
68029
67844
30221
58813
20744
47670
25404
52106
58938
59902
30463
67962
20412
24978
07094
06557
13162
68862
52876
45050
68640
62343
45860
62616
49412
49346
67500
56091
67593
59743
54615
47295
42568
70161
67453
53491
51200
63878
67720
04207
68646
29561
08444
32208
37649
26221
09312
05852
45690
35162
43725
14581
05237
39363
67239
59351
20197
67619
67446
32818
13276
17335
24830
00691
41597
64386
31161
63107
51694
06412
13879
13147
25968
63290
26017
49544
67749
11206
70027
12188
54445
29324
12991
24405
67087
67458
45872
46781
67855
47464
05776
46757
63825
70132
22137
45846
18878
17534
34709
44049
56560
70115
52149
67618
70037
18164
13475
32545
62253
25249
63557
26302
59000
16129
48345
07770
14294
45186
21177
37404
57678
57267
67944
57833
67451
67710
33607
23992
45116
67886
48045
52172
68962
25003
16596
67310
01833
17031
48819
02646
07116
21840
54123
67041
49731
26724
56164
67140
51932
59796
52861
67364
16225
55538
37909
47043
10406
21219
64435
46335
04122
54997
59379
67460
28121
08615
15937
63238
56574
38042
17826
05929
70167
41947
04685
47614
47467
70108
09178
67182
05215
23395
02879
63424
30325
39961
35382
27881
04204
37307
67421
68134
53363
42144
31905
36865
02547
27272
28380
58685
08511
42429
23054
06475
10584
67953
33373
44542
19516
27098
37005
41606
69090
44557
50932
50403
10586
68672
41008
67548
63241
30215
68218
42382
57919
52913
01472
24587
15769
05797
62777
17934
69068
17658
53213
55073
57599
70191
01102
14014
52048
63239
02094
39674
55998
35122
16133
10775
26983
52583
07474
55781
46869
67674
05815
39593
45424
56033
32509
17715
12760
67812
13801
70347
62454
36774
01504
68141
47278
46180
52322
00867
13455
24679
70278
26726
67885
69054
52319
44564
07381
29922
44912
22000
18271
59728
21014
42427
54782
27941
24612
67581
13336
17380
21090
07884
58576
03762
34013
67792
02974
37352
09866
58819
58610
27409
56113
50708
47573
17161
08858
35680
67211
61148
02878
02517
22973
08951
15535
22977
10655
41944
12822
54362
18116
67306
16267
67044
49666
43177
43120
32319
33459
12330
21319
67909
21414
67983
32308
53122
55556
14164
34401
04814
41036
23047
59256
51157
37368
14980
43150
44090
25849
12222
53177
63494
67251
52379
10673
04350
67295
70360
70051
02123
44277
11715
38339
11936
47008
03243
01212
16237
11319
16132
46172
35368
67367
32883
49364
47371
52562
06425
22963
13654
38090
42971
45097
67022
49652
39366
34385
67155
59404
02348
02546
70102
32752
18201
67600
09933
43082
12878
27752
01230
44690
08171
53158
18496
32161
26845
07599
04008
33067
68248
14459
32200
17520
45711
05857
07635
45362
07469
70365
33171
67317
19621
02167
09534
47725
00419
57532
51816
20455
67195
65302
67601
15647
01390
13700
57094
63210
18296
04901
04904
05919
58391
67096
64437
25529
06950
57766
31159
17895
14382
67526
53664
43060
13476
70190
15997
68446
67652
19112
68580
04626
56304
04229
04721
48804
55630
25983
07268
46796
23780
13021
38377
67693
27219
67913
57135
05227
67934
19333
45848
20799
45089
11038
56571
67819
03089
07496
38321
06340
31179
47041
16086
16889
54086
58839
45911
00950
36790
63637
67109
24539
50043
15741
12160
07120
03640
45165
61068
59501
41096
06630
57440
67742
46053
70279
58023
59355
43172
14371
04829
63678
36239
63884
04001
63425
37336
04231
55047
70077
20064
11095
30259
01375
67811
54192
17513
52715
47499
38705
70230
06971
56346
52380
68482
39383
20321
67762
28772
27013
61814
67708
03455
30877
67201
13533
67786
43799
02284
62235
30238
57571
45437
36491
05364
24252
03443
07202
14132
46605
25318
11012
40649
38289
27150
07964
48487
30681
69022
03599
70159
33317
55848
70342
26947
25240
36743
19611
67344
24520
68041
07679
24873
26068
69062
17950
29146
56569
12813
62753
69002
49154
37879
12858
67359
45415
04530
27086
31553
19056
67829
54446
70332
53554
53673
57773
67660
67113
54844
14684
23439
26981
10696
67899
04052
69026
49327
68826
54384
52213
00587
67030
70180
38070
62347
62607
21887
67414
70197
42756
59311
04860
47857
19456
63838
67756
39431
45761
68168
14178
08428
01491
59136
22701
07719
03440
05744
67544
20409
45914
20075
58731
29841
09164
36907
62520
70303
33244
36653
29283
58246
53422
60543
28438
02832
56697
53777
55285
02041
11383
37893
05641
10142
11440
15041
62193
22275
19268
47455
08186
14896
10639
10585
52511
26528
67100
41361
61970
25634
05735
10399
22712
43089
70125
47565
64002
07715
70262
33613
52693
19909
70237
16190
01721
51234
67891
60857
56392
43558
62921
61448
67199
44469
44598
55916
57899
05373
07494
67425
12946
28587
16112
70318
33537
39556
67948
68536
61145
38591
58301
05370
29653
45997
52622
52990
67258
27821
68956
30749
46738
07164
41513
11316
27387
01194
29142
51291
42953
09520
52146
51691
14186
02613
68097
42938
31216
04686
29390
49187
36921
03442
21326
56974
09620
51873
26085
03514
68021
40809
33056
67092
48885
04160
07577
40346
04140
67598
10274
67127
70126
12639
13644
62174
55558
62823
22809
31462
47360
17765
40838
70377
49537
06418
40319
08330
23669
64351
01838
21393
70208
47647
48609
04183
09865
11264
18143
06735
15368
46577
23241
28810
02539
53899
48038
21435
62715
13498
33210
35579
62693
15905
03602
08950
55745
08927
20769
35313
08122
30269
56301
37007
16066
62951
65399
14390
38303
61923
54884
63595
61828
10095
20152
18257
01427
63594
19053
21856
68890
57551
24951
51358
13709
44718
05241
57926
27100
08432
70082
67031
52350
26841
66412
22836
63085
67091
46591
30564
56294
43837
07450
43728
55768
14626
11974
50825
47721
35673
50857
32561
14678
63454
63639
70210
50200
67969
67233
70028
50142
57171
67162
69036
36053
27438
40655
68288
58726
67376
70042
11774
58394
67931
43559
49083
58686
53733
22918
59963
43253
70203
29009
13407
19566
57256
50012
61238
64089
67064
15031
48561
43882
08864
36228
51633
70225
59907
18072
05869
58324
55274
46587
37584
27182
68106
04432
25650
18239
64215
51183
08378
25251
57539
41709
39467
20972
67454
11013
05218
41360
32212
68334
26716
04853
08359
63335
07084
43343
04371
70292
03203
56279
35460
61134
68019
68600
70268
68800
41813
59376
64450
58768
68018
67624
67255
68064
06062
21332
50829
68584
16271
17634
58713
52127
49376
53278
59965
51505
28212
63371
24948
22124
40816
48215
46608
67212
18283
09161
27017
01247
22071
53071
67608
21331
65432
20020
51474
28790
37892
07075
51797
39068
43223
07511
68590
52502
34381
46334
09719
49696
67555
67040
32967
17095
47468
30222
67559
10094
41710
31907
11209
23008
67418
61061
56250
57645
63839
58789
31322
41083
43731
35554
67574
50959
67184
15040
63191
67925
48729
19844
36267
04216
27437
36917
68596
53372
07497
07199
34513
68048
23237
01644
30847
34689
54350
54532
68037
70138
45494
08304
59372
44955
51805
24042
06455
67261
46489
51357
68380
08434
51019
52150
30256
67053
23949
62109
16985
02235
27558
43118
39078
24997
05176
22965
67214
26708
67270
22961
62258
63872
67657
48072
67880
31902
36141
04678
32999
35147
46956
51894
03469
39384
14377
19188
51771
52156
04975
67332
07117
59794
15174
42564
68024
49464
26316
07259
08646
00423
21239
67331
58596
26217
36974
35529
68852
67851
08371
01440
62149
35929
63472
58743
70123
17399
27278
01249
05620
55303
17601
55284
19510
31763
68118
52602
45432
70029
37888
28317
32291
49726
45850
52321
67026
26559
57353
00618
44236
07459
18478
68164
07126
62589
12861
67402
60578
54930
34708
09923
67668
45651
19659
07383
27580
40846
67416
70094
42477
68086
70371
53072
07032
65358
25628
55002
02830
16975
13045
23954
51787
33654
17907
68162
24175
11637
67347
05639
33543
46000
68132
04386
15098
04433
67121
68062
08124
47793
37338
26135
58437
68514
25568
59668
67955
28435
15397
15752
57240
04054
67120
14776
15536
50840
67315
68003
11212
67688
45441
41929
68182
32515
23846
49485
15879
70280
33278
13502
36340
53553
47610
53708
70205
70060
33061
42649
48312
24829
63761
04121
43992
49322
07090
53272
18313
60580
15169
45754
27773
31154
32858
70165
58804
37644
01613
29087
46656
67220
34745
29280
20400
70146
31441
10022
59783
05810
13747
17531
13178
17830
27772
04614
08790
67153
55194
68752
67177
13639
50047
01021
07097
67611
68510
58236
49137
67753
09162
67651
54824
43805
51325
05686
62826
08453
44740
10630
35944
67733
68110
03067
04859
08778
34356
32524
14125
67016
33520
70081
57290
68085
57882
45197
17511
19461
67949
37689
45869
68428
36259
58793
69048
17334
11777
39449
57235
04774
05304
10143
64096
09187
39087
03489
12941
70016
05614
02179
30582
57921
70275
31163
38222
67271
38375
48733
56969
62982
03570
53125
50328
33211
67316
70092
57367
45966
16956
42611
16239
15651
54598
16116
23871
70034
57830
67061
70247
23551
50243
56166
41695
08697
18075
20703
32334
30512
70019
24909
12196
38629
50507
47907
67528
04377
67396
12019
07263
47329
67034
07169
29789
52875
51299
67595
05642
28118
49091
38628
51808
67525
25379
00850
31758
17937
57637
35310
05371
13090
10791
02047
12306
18333
16387
67428
02432
53373
15962
68122
28207
23649
47495
32917
11910
12875
25964
32517
50123
10472
70170
41655
06413
39629
47726
01964
38066
38614
22556
11090
23644
38734
19332
30589
29651
67150
34210
63206
07516
03569
33125
11327
18375
70057
45841
70234
67975
68738
55430
53021
33224
30987
27541
06530
39035
18373
47344
02522
39391
70334
68958
67166
07093
43686
53302
41981
45452
42658
33647
07602
64389
14780
52295
03006
46057
29797
32259
55076
70157
13553
60355
32146
11320
20985
68011
70116
36997
10768
51924
07754
58705
30391
14895
06535
09856
18326
58500
67675
09577
23955
55837
20624
62648
03750
49341
63331
58712
07092
63725
31780
33544
49461
04049
67287
08840
47174
63325
68692
68954
31777
26778
20137
68088
25875
62077
08903
13507
42136
44135
56786
07593
32970
67810
67431
29976
37351
42763
27277
07374
41920
03422
68392
67248
56567
44222
32479
39098
44789
28656
12703
41830
08634
58299
67470
14290
30706
38482
24879
32892
16399
68089
11691
06301
06560
05927
39069
18480
15527
42662
26948
45845
70072
63830
62779
02707
47782
37889
67374
70294
67333
18902
44447
18065
55373
61815
68202
70044
47649
42234
31738
63759
28088
33880
10272
70255
46778
44142
20630
68376
62277
64201
50703
45439
32816
63650
47141
36421
27932
60310
26722
15586
58280
63076
55847
37025
68026
19116
18332
06145
62104
67191
35566
57394
67149
30938
68173
38874
04135
30383
44003
22739
44225
06143
08978
70100
42236
18485
62755
35577
63840
08679
61232
67530
68416
67738
10788
22109
59770
70023
15179
64418
06627
47911
46931
08435
08949
26775
68043
37688
62491
34964
58939
21952
17023
38020
37474
63921
70368
04771
59035
63757
43732
67484
24371
28467
22089
39646
48495
09938
17163
70059
42591
55367
67730
04175
15847
06336
02234
13154
37773
62267
38536
33235
00333
70351
47269
69070
40653
58598
27317
68128
32305
70179
70312
12591
52998
37134
17462
11909
63048
19086
67692
49784
53211
40562
01828
20460
29064
67227
27356
06616
11999
15372
39095
12111
35215
31317
16201
08300
55169
64546
38690
15023
13661
67722
49603
16326
13604
43176
30476
13418
02473
43838
03444
51756
44300
50937
10254
19329
23807
08867
27055
06723
23586
50356
67726
44836
70238
47556
51551
14838
05809
48047
30323
45222
44189
47184
62508
28119
68396
05200
16095
67803
25692
51901
13467
67252
67314
42840
07860
68904
20444
29617
04357
67612
01581
67362
31481
46740
16382
16588
28444
67046
08971
40236
37120
37150
19848
02591
14898
67926
70248
69010
51630
16162
35805
41903
68165
70241
55374
67906
09084
67397
67479
61878
68169
39454
36749
43509
47574
30220
18776
67973
19402
66325
61818
20372
16922
47863
07513
45516
06370
03434
45871
37044
13180
56157
67254
58741
42380
06941
36807
13015
19263
08904
02634
45055
36839
60073
62344
57566
57361
14844
32373
52204
29964
64275
45115
50898
14855
68065
18041
37651
31736
57537
68350
64270
53214
10253
17885
41512
67341
17629
23431
06157
68406
65648
07194
03360
61988
61887
67837
05814
17664
45112
61240
17978
02111
67194
62171
45524
68574
59479
21355
61225
20413
67206
05024
20927
67943
44477
23875
67513
55180
66780
54964
24831
56469
24348
03992
11106
36826
18312
53446
19199
68193
17130
26918
70017
10164
48824
06027
03452
09256
09945
37200
68480
16199
55051
16318
24918
52925
45641
50400
12163
55780
27882
08548
44618
70083
40226
28468
62941
20362
34835
01551
52233
41901
48713
15940
18733
32726
18778
70070
07603
15710
67437
19798
20514
35125
67430
40093
68664
23449
63079
20976
01625
07275
57350
67119
01611
70204
06550
44152
70105
02352
54120
68204
53462
47660
13357
70036
42311
35520
41578
68187
17727
11318
57775
70128
58833
57679
56197
61816
56168
49670
67438
58279
67610
18066
60766
32879
57952
70320
06026
38867
11716
67229
35970
44364
24684
06619
39092
22277
68896
14634
13704
15961
05687
33699
47481
44204
01572
01077
15447
32451
32663
35309
39590
46056
58898
60530
68548
45323
57724
01733
59054
67794
67218
50273
29091
38948
67963
67391
08847
26723
34865
38016
52237
53555
06407
16645
68424
57674
02818
37061
46761
68398
44593
67289
40320
52763
41256
07035
70378
64049
03340
63802
15554
16971
70111
25924
49546
70214
67352
18491
62509
05760
45454
16427
49155
04905
31659
45063
44813
70104
19747
67490
21559
35951
51661
34358
42508
18647
41062
34960
67882
67483
37836
02863
07076
21439
24514
13089
70265
58079
62817
51753
67209
00434
11472
09240
26299
51780
67375
30838
67497
05655
68111
62091
51776
15216
56001
45474
17597
29409
67629
10408
27540
67403
44974
10189
23204
21080
04128
02484
02433
04596
14253
45823
68044
54529
17022
17958
50859
26122
60701
36145
43383
51206
08374
02696
67294
49127
52197
49475
41661
39595
05860
07413
50940
14797
70199
41904
12589
57430
14297
22488
68137
38539
57067
68444
49367
64094
15451
64045
70236
70289
35371
47061
67125
48556
17899
36908
58368
21888
14637
27788
28141
50338
67765
04222
54413
64432
44961
40340
68274
63399
67802
07720
51481
63882
68978
62926
64216
59143
24597
44610
30754
57801
05861
13474
67625
67108
33484
67094
05488
00601
16706
30277
19311
53625
64221
25281
06339
70311
57924
05997
39147
09630
67723
04579
11502
05202
44530
18530
05628
51711
40126
56036
70093
70040
67334
19235
59853
64064
61369
04805
53407
54079
45722
00432
63916
32329
44732
14683
07490
34829
70330
57254
06480
31620
36737
46866
58595
67512
23337
44494
49938
54661
62281
67269
32165
22814
30944
67178
63972
67401
00340
67406
04097
28427
70274
18316
44166
07574
27269
10888
08785
70119
06622
52769
24950
67492
68027
20148
37885
47366
16200
08754
67609
20515
37353
14630
17123
68426
13423
32516
12015
04065
53244
01995
62165
45666
30056
27267
02831
05991
20231
60157
50846
70357
05910
57066
21828
19091
67887
08376
26087
04444
67079
46164
27670
20871
26007
63562
07768
03100
26141
67015
67253
18481
58581
67309
22798
39119
20114
17374
57298
59410
17388
04066
05220
25428
67186
20387
60858
20792
51822
51277
67694
53297
64388
57615
23411
67226
43178
68648
26014
45422
68694
48019
10712
50842
35608
08640
70256
67840
22139
68502
62448
05308
40583
67700
13205
59109
19055
68080
02855
33283
67491
67225
39097
70302
53492
67737
21330
67951
36864
62737
09082
47497
57035
16101
51702
37332
58255
11929
07115
08427
53882
57604
67422
36236
67883
62758
45636
